   2.0000000e+00   2.7359855e-01  -7.5016222e-01  -4.1906451e-01  -7.2726514e-01   3.3172280e-01   1.1180089e+00
   2.0000000e+00  -7.5767748e-01  -3.1096566e-02   2.1078132e+00   1.5545716e+00   1.8731320e+00   8.8144661e-01
   2.0000000e+00  -2.0801501e+00  -3.6518316e-01  -9.0739106e-01  -8.5658257e-01   5.8877607e-01   9.1925699e-01
   2.0000000e+00  -5.7650269e-01   1.1981233e-01   1.3067657e-02   8.0377908e-01  -9.4522843e-01  -8.5440081e-01
   1.0000000e+00   5.2183486e-01   3.4863999e-01  -3.1266039e-01   3.1232516e-01   3.8590760e-01   4.8826296e-01
   2.0000000e+00   7.4412961e-01  -1.7997599e-01   4.8895953e-01  -4.1302312e-01  -1.0221653e+00  -1.7624207e+00
   2.0000000e+00  -4.7618733e-01   9.6181507e-01  -9.5285501e-01   1.4793035e-02   3.9685464e-01  -3.4809825e-01
   2.0000000e+00   9.9074524e-01   5.1922907e-01  -1.6656218e+00  -4.0670433e-01  -5.6897099e-01  -5.9544788e-02
   1.0000000e+00   4.8688017e-01  -4.6113614e-01   1.9841323e-02   1.2497588e-01   4.3792470e-01   6.1181041e-01
   1.0000000e+00   4.5232553e-01   9.9784070e-01  -5.2528560e-01  -1.5260645e+00  -3.3069210e-01   1.2976056e-01
   2.0000000e+00  -2.8854148e-01  -3.9992761e-01   3.5706211e-01   7.1943011e-01  -8.9972040e-02  -2.6369439e-01
   2.0000000e+00   1.8688618e+00  -7.3213233e-01  -2.0604264e+00   7.0022216e-01   1.1999406e+00  -1.1066103e-01
   2.0000000e+00  -8.2161817e-01  -4.3885472e-02  -1.0732390e+00  -1.6260361e+00   2.1639182e+00  -5.2549416e-01
   2.0000000e+00   1.2765079e-01  -3.6854154e-01  -1.4305988e+00   5.0927770e-01   1.4144162e+00  -1.8281495e+00
   2.0000000e+00   6.5076417e-02  -1.5892741e+00   1.5717101e+00   1.5363638e+00  -1.1677184e+00  -7.6227483e-01
   2.0000000e+00  -7.7414536e-01   5.5129533e-01  -1.7138492e-01  -5.2639214e-02  -1.9351059e-02  -9.3516147e-01
   2.0000000e+00   7.4090547e-01  -1.3174897e+00  -4.2682962e-01  -6.1108539e-01   1.3898961e+00  -1.1546443e+00
   2.0000000e+00   1.7767905e+00   2.2578800e+00  -2.1371298e+00  -4.8447885e-01  -1.5655340e+00  -6.4171759e-01
   1.0000000e+00   1.5485026e-01  -6.1317820e-01   7.8053908e-01   7.6852758e-01  -1.6171635e-01   3.0313947e-01
   2.0000000e+00  -4.5955956e-01   8.4596047e-01   2.3621621e-01   1.2701980e+00   9.8840103e-01  -1.2965891e+00
   1.0000000e+00  -3.0046122e-01  -2.4231548e-01   2.2875791e-01  -1.0753665e+00  -3.7925674e-01   1.7610796e-01
   2.0000000e+00   8.3669854e-01  -3.3918557e-01  -5.4013803e-01  -4.4028125e-01  -6.0827139e-01  -6.9208858e-01
   2.0000000e+00  -8.0881880e-02  -4.4053051e-01  -9.2398655e-01   7.3316278e-01   2.5890094e+00  -3.6246541e-01
   2.0000000e+00  -9.6780536e-01   1.4433457e+00  -3.7070356e-01  -1.2816369e+00  -1.5939243e+00  -1.4596367e+00
   2.0000000e+00   3.1250540e-01  -1.1258152e+00  -1.1462597e-02   2.6870546e-01  -4.0127980e-01   1.6763664e+00
   2.0000000e+00  -1.3232885e+00   1.4724219e-01  -1.2769888e+00   3.3860381e-01  -1.0853110e+00  -2.5795269e-03
   2.0000000e+00  -6.9211134e-01   2.5730416e-01  -7.3688406e-01  -2.1246657e-01  -1.7467790e+00  -2.1675052e+00
   2.0000000e+00   3.2897460e-01   1.5945189e+00   2.7169801e-02   1.0081764e+00  -1.3201455e+00  -9.1567541e-01
   2.0000000e+00  -2.8682107e-01   6.0630011e-01  -5.5347057e-01  -1.2192002e-01  -1.1025140e+00  -3.9872978e-01
   1.0000000e+00  -2.2128278e-01   1.2058567e+00  -4.5770495e-01   4.4085527e-01  -1.0549999e-01   9.3207657e-02
   2.0000000e+00   1.8764661e+00  -1.8642242e-01   1.1729436e+00  -9.1136917e-01   3.9076823e-01   2.2999592e-01
   2.0000000e+00   4.2738616e-02   1.3175248e-01  -8.5098933e-01  -1.7442817e-01   1.6003051e+00  -1.1998356e+00
   2.0000000e+00  -9.1107830e-03  -9.8969002e-01   3.3660107e-01   8.7541582e-01  -1.7584063e+00   1.3800364e+00
   2.0000000e+00  -9.6375136e-01   8.0292779e-01   1.3969551e-01   4.0394630e-02  -5.1884578e-01  -5.0460132e-01
   2.0000000e+00   7.2263500e-01   9.2550952e-01  -1.1205561e+00   2.6004390e-01  -6.6659009e-01  -3.1191480e+00
   1.0000000e+00   4.4469698e-01   1.8531248e+00  -2.5507471e-01  -1.5225416e+00  -9.3712401e-01   2.5231701e-02
   2.0000000e+00   1.6577668e+00   7.4393701e-01   3.7485238e-01  -6.5776937e-01   1.1220793e+00  -2.9006565e-01
   1.0000000e+00  -5.5733414e-01  -2.9300277e-01  -5.2902368e-01  -1.3984765e-01   8.6574961e-01   4.8460679e-01
   2.0000000e+00  -7.4763316e-01  -4.7804748e-02   6.0452021e-01   8.6728119e-01   9.3197908e-01  -4.3405466e-01
   2.0000000e+00  -1.0587651e+00   2.2666145e+00   1.4690655e+00   7.2431729e-01  -3.5933976e-01   4.0866351e-01
   2.0000000e+00  -1.2336110e+00   9.5752619e-01  -6.6493305e-01  -1.4280118e+00  -8.5415997e-01   9.0988590e-01
   1.0000000e+00   2.1867917e-01  -8.1975030e-01   2.4807159e-01   1.6917893e+00   8.8025754e-01   2.0684426e-01
   2.0000000e+00   9.6786682e-02   3.5565851e-01  -1.3097301e+00   4.4500001e-01   4.1901083e-01  -1.2786194e+00
   2.0000000e+00   1.5428560e+00   6.4261719e-01  -1.3835181e+00  -1.2381093e-01  -1.1636709e+00   1.7041438e+00
   2.0000000e+00  -8.7602183e-01  -4.9490805e-01   1.0218225e+00   6.9302686e-02  -4.0337408e-01   2.0586617e+00
   1.0000000e+00  -1.9616256e-01  -1.4368761e-01  -7.0975280e-01   1.9715877e+00   9.4068250e-01   3.9626942e-01
   2.0000000e+00  -3.9711949e-02   2.1306150e+00  -2.9867401e-01   6.5821068e-01   2.0098157e+00   2.5825488e+00
   2.0000000e+00  -1.5455956e-02  -1.7433813e+00   5.8909983e-01  -1.0503364e+00   5.6616629e-01  -1.1739528e+00
   2.0000000e+00   9.4066298e-01  -1.2706589e-01  -2.8880093e-03   1.0300111e+00   2.0178623e+00  -1.4433769e+00
   1.0000000e+00   9.0269622e-01  -4.3984736e-01   5.2502848e-01  -3.5365425e-01   8.8429328e-01   3.8341219e-01
   2.0000000e+00   3.4066371e-01  -1.1556053e+00  -2.3368390e+00   8.2403288e-01   7.6702365e-01   5.9932102e-01
   2.0000000e+00   8.2908659e-01  -3.5921228e-01  -5.5679187e-02  -4.9992946e-01   3.8766286e-02  -5.5238364e-02
   2.0000000e+00   7.8287098e-01  -1.0929152e+00  -1.3382205e-02   2.2929712e+00   2.4509360e-01   1.2532620e+00
   1.0000000e+00   1.5579873e+00   9.5932913e-01   4.4815501e-01   1.4828528e-01  -1.2514680e+00   3.8420190e-01
   1.0000000e+00   7.3885094e-01   5.0207157e-01  -9.9261816e-01   1.2218256e-01   1.6920641e+00   1.0888965e-01
   2.0000000e+00   1.6752935e+00   5.1896180e-01  -1.0998026e+00  -3.7212650e-01   8.8471702e-01  -1.0866239e+00
   2.0000000e+00   8.0409612e-01   1.0365752e+00  -1.1109140e+00  -3.0469010e-01  -6.6752096e-01  -8.4152385e-01
   2.0000000e+00  -1.0189461e+00  -1.8458985e-01  -5.0186076e-01   9.3093550e-01  -2.2958211e-01   1.0949584e+00
   2.0000000e+00  -1.5756928e+00   6.2861996e-01   3.3823241e-01  -8.2940531e-02  -6.6061696e-01  -9.7639637e-02
   2.0000000e+00   2.9556462e+00  -1.1728424e+00  -2.1787233e-01  -1.5935050e+00  -1.4194207e+00   1.1112960e+00
   1.0000000e+00   2.3217148e-01   7.2188574e-01  -6.8782701e-01   5.2597167e-01  -3.1701906e-01   5.0611239e-01
   2.0000000e+00   1.7197511e+00   7.5793846e-01   1.0282024e+00   1.7178462e-01   9.3198118e-02   1.3885539e+00
   2.0000000e+00   1.5701608e-02   5.2505315e-01   1.6099636e+00   3.7182391e-01   7.4758206e-01   1.0128524e+00
   1.0000000e+00   3.0178164e-01  -1.7916771e-01   9.0821712e-01   8.6588113e-01   7.0027797e-01   2.1725465e-01
   1.0000000e+00   9.0324500e-01  -3.9610692e-01  -3.8295696e-01   1.1808726e+00  -1.4268990e+00   6.0003544e-01
   1.0000000e+00  -1.1682913e+00  -3.7797693e-01  -7.7331863e-02  -1.2770056e+00  -6.2964485e-01   8.5692412e-01
   1.0000000e+00   1.1807324e+00  -1.0239152e+00   9.1188509e-02   5.9718339e-01  -4.9132465e-01   9.8133007e-01
   2.0000000e+00  -1.4775221e-01  -1.2251243e-01   4.6251880e-01   1.1897069e+00  -1.4138449e+00   1.1552146e+00
   2.0000000e+00   2.9167093e-01   4.0582518e-01  -4.2385427e-01   4.6992378e-01   6.4039889e-01  -3.8449066e-01
   2.0000000e+00  -6.9441479e-01  -2.0469735e+00   1.0895470e-02  -1.1664569e+00   1.1722102e+00   1.5585589e+00
   2.0000000e+00  -4.3775613e-01   6.1967660e-01   2.6622722e-01  -1.5708149e-01   1.7034056e+00  -6.3397035e-01
   2.0000000e+00  -4.0045543e-01  -9.9564128e-01   1.4961172e-01   6.9250736e-01  -9.5589169e-02  -5.9101516e-01
   2.0000000e+00   6.8674684e-01   2.8720247e-01  -2.3672547e+00  -1.0530368e+00   1.9085061e-01   1.9168461e+00
   2.0000000e+00  -4.3217531e-01  -1.4735361e+00   9.0831281e-01  -1.0023547e+00  -3.0350372e-02  -7.9611894e-01
   1.0000000e+00   5.2966793e-01  -1.2073819e+00  -7.4305684e-01   6.1670912e-01  -1.1957574e+00   1.1241567e-01
   2.0000000e+00   6.6533678e-01  -8.4813507e-01  -1.1224413e+00  -1.3474931e+00  -2.3839514e-01  -2.5532970e-01
   2.0000000e+00  -2.4774918e-01  -4.4407099e-01   5.9235778e-01   1.4529785e+00  -1.0995958e+00  -1.1962907e+00
   2.0000000e+00  -3.5887899e-01  -4.8630111e-01  -1.2148496e+00  -1.3221821e-01   2.2820903e-01   2.4461842e-01
   2.0000000e+00   8.5229094e-01  -7.0530840e-01   1.5970611e+00  -8.4546813e-01   3.0122447e-01  -9.7656196e-01
   2.0000000e+00   8.6382216e-01  -7.2242871e-02  -1.5638031e+00  -5.2988491e-01  -2.4976081e-01   1.2847609e+00
   2.0000000e+00   7.3625162e-01  -7.0021852e-01  -9.4683299e-01  -3.7910133e-01   6.4078281e-01  -5.8943023e-01
   2.0000000e+00   2.8499275e-01  -3.3529554e-01  -1.4929057e+00   7.3816108e-01   2.3331165e+00  -7.2389774e-01
   2.0000000e+00   2.1352797e+00  -1.6543727e+00  -1.2764827e+00  -1.1319891e+00   5.8095010e-01  -1.1442969e-01
   2.0000000e+00   1.2874710e+00  -6.5554723e-01  -9.5135482e-01  -4.3256394e-01   1.4890087e-01  -1.3467272e-01
   1.0000000e+00  -1.6160011e+00   8.6780690e-01   1.2605137e-01  -4.6150642e-01   5.9314418e-01   4.3828612e-01
   2.0000000e+00  -9.5698132e-01  -4.4725608e-01   8.2217539e-01  -3.4432099e-01  -9.6738917e-01   1.9948823e+00
   2.0000000e+00  -1.2116182e+00   1.8904269e+00  -1.2180225e-01   1.8998138e-01  -5.9913110e-01  -2.0435639e+00
   2.0000000e+00   7.2859929e-01  -1.2778857e+00  -1.7481520e-01   1.4239563e+00  -6.0929651e-01   1.2259807e+00
   2.0000000e+00   4.4718328e-01   2.5064098e-01  -6.4114795e-01  -1.6264174e+00   4.9683535e-01  -2.1297878e+00
   2.0000000e+00  -1.1170343e-01  -5.0892744e-01  -1.2274139e+00  -4.5782072e-02  -7.5844221e-01   8.0136732e-01
   2.0000000e+00  -3.5280106e-01  -2.1852042e-01   9.4876037e-01  -2.3541357e-01   1.0675572e-01   1.4148798e+00
   2.0000000e+00  -7.0477768e-01  -8.0434091e-01  -5.0779352e-01  -8.6884387e-02   8.5804175e-01   1.6390542e+00
   2.0000000e+00   1.0946396e+00   8.5595134e-01  -1.2409414e+00   1.6086034e+00  -3.1111887e-01   5.7515385e-01
   2.0000000e+00   1.8945171e+00  -1.9750081e+00   5.9477920e-01   1.9529005e+00  -3.9200317e-01  -1.0931482e+00
   2.0000000e+00   3.8500191e-01  -1.9178472e+00   3.9476940e-01   3.2605036e-01  -3.5650497e-01  -2.5066158e-01
   2.0000000e+00   6.4186514e-01  -3.2455923e-02  -9.9827191e-01  -1.0552420e+00   1.2372456e+00   6.8909521e-01
   2.0000000e+00  -1.0249347e+00   9.7045078e-01  -1.4331378e-02  -4.0787159e-01  -4.4845758e-01  -7.2068961e-02
   2.0000000e+00  -3.4728317e-01  -7.5411436e-01   1.7987085e-01  -2.0885479e+00   1.9726527e+00  -2.2490357e-01
   1.0000000e+00   1.9808108e-01  -1.5379140e+00  -8.3366265e-01  -5.6085042e-01   2.3213167e-03   2.8105939e-01
   1.0000000e+00  -3.3358724e-01   1.0795018e+00  -4.1354820e-03   1.8068365e-02   6.0851854e-01   1.8029924e-01
   2.0000000e+00   1.6968462e+00  -3.5071615e-01   3.1624110e-01  -1.1156695e+00  -3.1607847e-01  -1.4876050e+00
   2.0000000e+00   8.2728223e-02  -2.8090081e+00   1.6434087e+00  -5.7080536e-01  -1.9843647e+00   1.2981276e+00
   2.0000000e+00   1.5260558e+00   1.2789053e+00   5.3631503e-01   4.9403000e-01   2.5471193e-02  -3.0425755e-02
   2.0000000e+00   9.7477572e-02   2.6757599e-01  -3.4820789e-01  -2.7149067e-01  -1.5712032e+00  -9.0381415e-01
   2.0000000e+00   3.0540321e-01  -7.7100210e-02   9.0457723e-01  -9.5671990e-01  -3.1125452e-01  -2.0528923e-01
   2.0000000e+00  -1.2309755e-03  -2.9223355e-01  -1.1819518e+00   5.2049190e-01  -1.0744161e+00   7.2515453e-01
   1.0000000e+00  -1.6754661e-02  -3.3311491e-01   2.0188403e-01  -1.5027014e+00  -4.5724001e-01   9.3699051e-01
   2.0000000e+00  -9.8075045e-01  -2.4780094e+00   1.1990268e+00   1.7315222e+00   3.7908939e-01   1.4367210e-01
   2.0000000e+00   6.9231827e-01   4.6256930e-01   9.5137674e-01  -3.9634673e-01   4.5576035e-01   9.6389611e-01
   2.0000000e+00  -4.1223532e-01  -6.2623965e-01   4.9361733e-01  -1.3867222e-01   9.9188161e-01  -1.6571922e+00
   2.0000000e+00   9.2714387e-01  -4.0092341e-01  -2.9774742e-01   2.1224387e-01   2.4745735e-01  -8.8057615e-01
   2.0000000e+00  -1.8220567e+00  -1.7338578e+00  -1.9356663e+00  -4.6767127e-01   3.1197466e-01   4.4846222e-01
   1.0000000e+00  -7.2161150e-01  -3.7306306e-01  -2.6469470e-01  -6.2739510e-01  -6.7391259e-01   7.2189765e-01
   1.0000000e+00  -1.8085932e+00   1.8397341e-01  -6.4497674e-01   1.9339603e-01   2.2416108e-01   6.0004611e-01
   2.0000000e+00  -3.5852600e-01   7.3872367e-01  -1.1417133e+00  -6.9682500e-01  -2.0176397e+00   5.4553059e-01
   2.0000000e+00   1.4013128e-01   1.4023037e-01   1.0676068e+00   1.5179348e+00   9.5428298e-01  -7.0902909e-01
   2.0000000e+00  -1.2865291e+00   1.0246413e-01  -4.7530634e-01   3.8532551e-01  -3.0154151e-01  -4.7425254e-01
   2.0000000e+00  -1.0367025e+00  -1.6509350e-01   8.5020856e-01  -8.7626817e-02  -5.3999534e-01  -2.6099964e-01
   1.0000000e+00  -1.0609178e+00   5.2549600e-01  -1.2634574e-01  -5.6673563e-01  -1.1376819e+00   2.2020967e-01
   2.0000000e+00  -6.2824793e-02   3.3138838e-01   1.2896612e+00  -1.1916054e+00  -1.0320155e+00  -1.2239476e+00
   2.0000000e+00  -3.0771114e-01   8.7408324e-01  -6.5734473e-01  -1.8444889e+00  -4.0452233e-01   1.7829696e+00
   2.0000000e+00   1.1570834e+00   1.1166652e+00   1.3758118e-01  -5.3376433e-01  -2.3340064e+00   1.4937857e+00
   2.0000000e+00   2.9512091e-01  -5.5667896e-01   3.9161677e-01   6.8235916e-01   4.6392693e-03   1.5747755e+00
   2.0000000e+00  -2.5310647e+00  -4.8699868e-01   1.5922974e-01   5.9005123e-01   4.2732325e-01   1.7427684e-01
   2.0000000e+00  -1.3585225e+00  -1.3632009e+00   1.1760789e+00  -7.1670864e-01  -2.8606157e-01   7.9958675e-03
   1.0000000e+00   2.8151377e-01   1.4714805e+00   5.3485762e-01   1.9263609e+00  -9.1158458e-01   7.2056104e-01
   2.0000000e+00  -4.7684334e-01   4.4617538e-01   1.0122926e+00   3.3929693e-01  -8.3294198e-02   5.7419802e-01
   2.0000000e+00  -4.0949246e-01  -2.2677835e-01  -1.2692139e+00   4.5516450e-01  -2.7439622e-01  -5.9059472e-01
   2.0000000e+00   2.1629346e-01   9.1543863e-01  -3.8097190e-02   7.2996910e-01  -6.7098171e-01  -6.3449061e-02
   1.0000000e+00  -1.1688504e+00  -1.9895661e-01   4.5229710e-01  -3.5912078e-01   8.4535009e-01   2.2217624e-01
   1.0000000e+00   5.2356822e-01   5.2124431e-01   2.7532964e-01  -1.4409713e-01   4.5096820e-01   3.1415494e-01
   2.0000000e+00   9.3007584e-01  -1.5503858e+00  -1.2999193e+00  -5.1781462e-01  -7.4460949e-01   6.3978054e-01
   2.0000000e+00   1.2180698e+00   2.0260753e-01   1.4337928e+00  -4.2933493e-01   3.3084324e-02  -2.6699322e-01
   1.0000000e+00   6.6579635e-01  -1.1081350e+00  -5.4651303e-01   2.6167702e-02   5.0775595e-01   4.8235084e-01
   2.0000000e+00  -4.8513470e-01  -3.0881397e-01  -5.2253200e-01  -2.1667459e-01   6.0610489e-01  -3.7899002e-01
   2.0000000e+00   2.3798380e+00   4.2133578e-03  -3.9358647e-01  -6.5231558e-01  -6.7711651e-01   1.4695658e+00
   2.0000000e+00  -3.7310279e-01   7.8828884e-01  -2.5896750e-01  -1.2998928e+00  -1.9475236e+00  -6.7232243e-01
   2.0000000e+00   1.1753800e+00  -3.9415194e-01  -2.1515562e+00   1.7683585e+00   7.9779905e-01  -5.9525801e-01
   2.0000000e+00   1.3659175e+00   1.5024447e+00   1.1173107e+00  -2.7921181e-01   4.9460679e-01   2.2383326e-01
   1.0000000e+00   1.1863442e+00   1.2007040e-01   9.0078284e-01  -1.9087074e-01  -1.7487766e-01   2.3822546e-01
   2.0000000e+00  -2.6388572e-01   1.3993412e-01   4.0060900e-01   1.4138974e-01   4.9588994e-01   1.2245010e+00
   2.0000000e+00  -1.2363066e-01   1.0426853e+00  -2.1772200e+00  -6.6667935e-03  -9.9842854e-01  -2.0804732e+00
   2.0000000e+00  -1.9716808e+00   4.9382340e-01   2.2221185e-01  -1.4778856e+00   9.3790623e-01  -1.9027206e-01
   1.0000000e+00   2.0778750e-02   4.4876001e-01   2.1914943e-01  -6.3239992e-01  -1.4298038e+00   9.3673283e-01
   1.0000000e+00  -8.4576484e-02  -9.0441245e-01   2.2826739e-01  -2.1001855e+00  -2.2524242e+00   6.5476725e-01
   2.0000000e+00  -2.6020108e-01   1.9396492e-01  -1.1561917e+00  -5.6966451e-02  -2.6993103e+00  -4.2723876e-01
   2.0000000e+00   5.0818697e-01  -3.3328469e-01  -9.5016644e-01   3.6951443e-01  -1.1734999e+00   5.9039526e-01
   2.0000000e+00  -5.5751650e-01  -1.0620106e+00  -1.3367229e+00   4.1975322e-01  -7.7369702e-02  -5.1028607e-02
   2.0000000e+00   7.2335319e-02  -1.3413855e+00   4.5796464e-01  -2.6224191e-01  -1.9239611e+00  -4.1289237e-01
   2.0000000e+00   2.1008388e+00   6.6357950e-01   1.3716931e-01   1.5207749e+00   3.6380312e-01  -1.6507770e+00
   2.0000000e+00  -6.9210233e-01  -3.3343837e-01  -1.3009433e-02  -7.0913470e-01   2.2479632e-01  -1.2472549e-01
   1.0000000e+00   1.3313721e-01  -5.5836567e-02   4.1210711e-01  -3.8819650e-01  -1.0518384e+00   2.2301890e-01
   2.0000000e+00   1.3005079e+00   9.8106406e-02   7.0370852e-01  -7.3371676e-02   3.1152858e-01  -4.4824602e-01
   2.0000000e+00  -1.3037113e+00   4.0973834e-01  -9.4729458e-01   1.2927512e+00   5.3830404e-01   4.2637684e-01
   2.0000000e+00   6.7285290e-01   4.1816243e-01   1.7594223e-01   1.1771853e+00  -4.1265480e-01  -9.0175749e-02
   2.0000000e+00  -5.8864198e-01  -4.0471226e-01   1.9997483e+00   1.0524697e+00  -1.7364019e+00   1.2259446e+00
   2.0000000e+00  -1.2087798e+00  -1.3733861e+00   4.7879878e-01  -1.9606656e-01  -5.8412845e-02  -2.0216282e+00
   2.0000000e+00   1.0221307e+00   5.3896693e-01  -3.7125823e-02   1.5059546e-01   4.0542458e-01  -1.3733998e+00
   1.0000000e+00  -9.0791848e-01  -3.4386260e-01   1.1619664e-01  -4.7715545e-01  -3.2170769e-01   8.8862206e-01
   2.0000000e+00   1.2484719e+00   1.2551140e+00   4.6247037e-01  -1.8178905e-01   1.3576732e+00  -1.2211066e+00
   2.0000000e+00   7.6882560e-01   7.3463195e-01  -6.2967370e-01   3.3210557e-01   8.4476011e-01   1.3562620e+00
   2.0000000e+00   8.9273232e-01  -1.5223603e+00   6.9436480e-01   1.5194986e+00  -2.1843284e-02  -5.2032946e-01
   1.0000000e+00   1.0247784e+00  -4.7138614e-01  -8.7576006e-01   3.4849052e-01   6.5828564e-01   2.8653145e-01
   2.0000000e+00  -2.3973862e-01  -4.3158111e-01   3.7417374e-01  -1.2805075e+00   3.5696777e-01   1.6094609e+00
   2.0000000e+00   3.6955778e-01   4.6268007e-01  -1.0544829e+00   1.8349778e+00  -5.0689272e-01  -1.1792116e+00
   2.0000000e+00   1.8626741e+00   4.8291714e-01   1.0157080e+00   1.7174057e+00   5.9935858e-01  -1.8393369e-01
   1.0000000e+00  -6.7760920e-02  -4.6435694e-01   8.1074750e-01  -2.0809648e+00  -1.4247177e+00   3.2560043e-01
   2.0000000e+00  -5.9151861e-01  -1.5002473e+00   8.7325720e-02   1.0579847e+00   1.6840322e-02  -6.7090567e-01
   2.0000000e+00  -1.9617206e+00   1.9894351e+00  -4.4529113e-01   6.6978659e-01   1.1634643e+00   7.4863994e-01
   2.0000000e+00  -1.2151848e-01  -7.2503223e-01   1.5995634e+00   2.6049021e-02  -1.0318303e-01   1.1193836e+00
   1.0000000e+00   1.4002568e-01  -6.1885020e-01   5.2939883e-02   1.4964119e-01   7.5849121e-01   6.2011458e-02
   2.0000000e+00  -2.1846657e-01  -3.4899528e-01   1.9665168e-02  -8.5009477e-01   1.9600438e+00   2.9248255e+00
   2.0000000e+00   1.2161090e-01  -3.2936695e-02  -1.3795793e+00   1.0521208e+00  -2.5455106e+00  -1.1920160e+00
   2.0000000e+00  -2.7340791e-02   8.6347451e-01   4.3549582e-01   1.4627611e+00  -1.7941341e+00  -4.2848523e-02
   2.0000000e+00   1.5015266e+00  -2.3420132e+00   8.9028340e-02  -2.0848086e-01   2.1125858e+00  -1.3008949e+00
   2.0000000e+00   1.2918546e-01  -9.3180659e-01   3.9964043e-01  -1.6341931e+00  -2.9325474e-01  -1.1680007e+00
   2.0000000e+00   1.3195298e+00   1.1237715e+00  -1.0285166e+00  -6.4221087e-01   7.8619442e-01   3.0849798e-01
   2.0000000e+00   1.7983121e+00  -4.4784986e-01   1.0831112e+00   2.2507952e-01  -9.1700346e-01  -8.3530989e-01
   2.0000000e+00  -1.2543573e+00   9.8899944e-01  -3.0430915e-01   1.6007094e-01   3.9899894e-01  -7.8615133e-02
   1.0000000e+00  -1.0431271e-01   5.9839848e-01  -7.1368952e-01   5.7832069e-01   7.0632831e-01   8.7704800e-03
   1.0000000e+00  -8.0643529e-01   1.3294418e+00  -1.3972311e-01   1.0639112e+00  -5.5486686e-01   9.8068142e-02
   2.0000000e+00  -4.6693115e-02  -7.8920103e-01  -4.8308634e-01   2.5022243e+00  -4.2755893e-01   1.9986225e+00
   1.0000000e+00   1.7219135e+00  -3.7287208e-01  -5.2584910e-01   8.0011854e-01  -1.5493046e+00   7.6181042e-01
   2.0000000e+00  -6.2326564e-01   3.9871566e-01  -2.8113383e-01   8.3739706e-01   1.1079415e+00  -2.8187536e-01
   2.0000000e+00  -1.6384078e+00  -4.7957140e-02  -7.3477759e-01   4.8809611e-01  -1.2764260e-01   6.9913712e-01
   1.0000000e+00  -2.0340531e-01   6.2921154e-02  -1.2629233e-01  -1.2154337e+00   8.4466504e-01   5.4323820e-01
   1.0000000e+00   4.2331210e-01  -1.4607389e+00   5.2745590e-01   2.7447320e-01   8.2358384e-01   7.8206530e-01
   2.0000000e+00  -1.9556587e-01   2.8105779e+00  -1.0209795e+00  -2.4759224e-01  -1.1691838e+00  -1.6075609e-01
   2.0000000e+00   1.6145422e+00  -3.8732907e-01   7.9442524e-01   1.9802287e+00  -6.5289511e-02  -2.9564644e-01
   2.0000000e+00  -4.4589360e-02   6.7766560e-01  -1.0212960e+00   1.9487843e+00  -1.6189836e+00  -6.5163542e-01
   2.0000000e+00   9.2902847e-01   1.3557401e+00   1.5585710e+00   7.1467239e-01   7.1973285e-02  -4.7820537e-01
   2.0000000e+00  -2.1744460e-02   6.0355510e-01   2.6022818e-01  -1.3864609e+00   4.2583099e-02  -1.0507039e-01
   1.0000000e+00   1.5020911e+00  -1.4690807e+00   2.6967351e-01  -1.1319487e-01   2.9915478e-01   8.9363003e-01
   2.0000000e+00  -3.9680055e-02   9.3659295e-01   1.6645800e+00   5.9060564e-01   6.8937216e-02   8.6235507e-01
   2.0000000e+00   5.6241282e-02   5.0527742e-01   7.2316975e-01  -4.7873544e-01   4.0004002e-03  -1.9251487e+00
   2.0000000e+00   1.8854335e+00   1.1144655e+00   1.6023746e+00  -1.5300181e-01  -5.8659130e-01  -4.6628637e-01
   2.0000000e+00   8.4010943e-01   3.2464082e-01   2.5304751e-01   1.0091395e-01   5.2181256e-01   1.1915073e+00
   2.0000000e+00   1.2903770e+00   7.1463314e-01   8.1547510e-01   6.1611046e-02  -3.0760013e-01  -1.1870180e+00
   2.0000000e+00  -1.5353212e+00  -4.0357819e-01  -1.0245185e+00   5.0502127e-01   8.7656766e-01   2.4608948e-01
   1.0000000e+00   1.6902879e+00  -6.1339441e-01  -3.9431344e-02  -3.6418927e-01   6.1445709e-01   2.5772162e-01
   2.0000000e+00   8.1610835e-01   1.3891870e+00  -2.3959222e+00   5.5723935e-01  -2.0536634e-01   1.1537296e-01
   2.0000000e+00  -2.6890991e-02  -7.7483071e-01  -2.6995258e-01   5.0420487e-01   8.8159018e-01  -7.0327279e-01
   2.0000000e+00   6.2117199e-02   4.1105135e-01  -3.8184792e-01  -5.0183754e-01  -3.4313843e-01  -5.0078113e-01
   2.0000000e+00   8.8737113e-01  -3.3368429e-01   8.3266530e-01   4.2058691e-01  -3.1157528e-01  -5.8629583e-01
   2.0000000e+00  -9.8018754e-01  -2.1634757e+00   2.5095803e-01  -1.0340285e+00   1.0455941e+00  -1.7135367e+00
   2.0000000e+00  -1.4070614e+00   1.7203596e+00   7.3532516e-01   2.0509116e+00  -7.9238277e-01   1.0102480e+00
   2.0000000e+00  -1.3492667e+00  -3.3691875e-01  -1.3451652e+00  -1.7543770e+00   4.2031529e-01   1.6091235e+00
   2.0000000e+00  -5.6284673e-01   2.8265178e+00   6.8136860e-01   1.4804221e+00  -1.5125220e+00   9.6989856e-01
   2.0000000e+00  -1.8834768e+00   1.0146295e+00  -1.0448219e+00  -2.6247190e-01  -2.2956090e-01  -1.5908958e-01
   2.0000000e+00  -1.6074228e+00  -3.3272475e-01   5.7736391e-01  -1.5816245e-01   1.4571809e+00  -5.4620801e-02
   2.0000000e+00  -1.3453140e+00   3.8434151e-01   5.5195740e-01   1.0905800e+00   8.1608701e-01  -1.4011660e+00
   2.0000000e+00   1.2864847e+00  -4.1290495e-01   8.1213307e-01  -1.4150136e+00  -8.5151725e-01  -1.1747987e+00
   2.0000000e+00   1.7201033e-01   7.0328031e-01   7.2533959e-02  -1.1230788e+00  -1.6034255e+00  -1.3220147e+00
   2.0000000e+00  -3.3669594e-01   6.5955207e-01  -1.2539580e+00  -9.0223946e-01  -9.8080703e-01  -1.0122959e+00
   2.0000000e+00   2.9092562e-01   1.4447165e-01   1.2088563e+00   7.2335067e-01  -2.4758427e-01  -1.2327684e-01
   2.0000000e+00   1.0687901e+00   1.0778532e+00   1.4047183e+00  -1.1236082e+00  -1.9516142e-01  -1.0785152e+00
   1.0000000e+00   2.2956601e-02  -4.0926538e-01  -4.8731969e-03   7.7774989e-01   3.3151452e-02   8.1588869e-01
   2.0000000e+00  -9.4733804e-01  -1.7571516e-01   8.3489061e-01   5.9794461e-01  -6.7868182e-01   1.1358263e+00
   2.0000000e+00   6.4861591e-01   1.8208657e-01  -2.2194579e-01  -4.0390416e-01  -8.5333736e-02   1.2912297e+00
   2.0000000e+00  -1.2103496e+00  -2.0060232e+00  -4.4578319e-01  -3.6970421e-01   2.2137327e+00  -8.5473165e-01
   1.0000000e+00  -6.0415965e-01  -2.9838261e-01   5.5384545e-01  -9.6955214e-01  -1.4520723e+00   3.8845097e-01
   2.0000000e+00   1.1063053e+00   3.9455687e-01   5.0476619e-01   6.2640519e-01  -6.9667342e-01  -3.9997805e-01
   1.0000000e+00  -4.2166953e-01  -8.6925903e-01  -8.2834939e-01   6.9381256e-01   5.2635776e-02   5.4355894e-01
   2.0000000e+00   2.1347961e+00   1.3708253e-01   7.5805852e-01   1.9098804e+00  -2.7849418e-01  -9.2838974e-01
   2.0000000e+00   7.7744040e-01  -1.3654734e+00  -1.4392614e+00  -2.7702359e-01   5.6304975e-01  -3.4156484e-01
   2.0000000e+00  -7.5134469e-01  -7.6246279e-01   1.0190700e+00   7.0476040e-01   8.5197172e-01   1.7206450e+00
   2.0000000e+00  -5.4409354e-01   3.3993021e-01   1.7071130e+00  -9.4167963e-01   6.4632010e-01  -6.2970252e-01
   1.0000000e+00  -3.2408878e-01   5.1582212e-01   8.3362281e-01  -3.4965930e-01  -1.1001809e+00   2.3356582e-01
   2.0000000e+00   2.0532158e-01   1.0568718e+00  -1.3979617e+00  -6.7834902e-01  -5.0521296e-01  -3.1511549e-01
   2.0000000e+00  -8.7164799e-02  -8.6050414e-01   2.1751347e+00   1.3048868e-01  -3.8409779e-02   8.6344526e-02
   2.0000000e+00   2.1457506e-01   2.5617589e-01   3.5462113e-01   4.4462779e-01  -5.5349501e-02  -7.0067130e-01
   2.0000000e+00   3.9185727e-01   1.5336701e-01   1.4571229e-01  -1.1678327e+00   1.1006443e+00  -1.3960818e+00
   2.0000000e+00   6.0321336e-01  -1.6486460e-01   6.5501139e-01  -9.1815480e-01  -2.4665583e+00  -1.2065651e+00
   1.0000000e+00  -6.2683451e-02   1.3521973e+00   8.3202767e-01  -5.5667791e-01   4.2366391e-01   8.0381974e-02
   2.0000000e+00   1.3601174e+00   4.7803505e-01  -2.6488030e-01   6.3102493e-01  -9.4556184e-01  -1.0553003e-01
   2.0000000e+00  -4.2109900e-01   6.6012958e-01  -7.1332685e-01   1.1921274e+00  -2.5225175e+00   1.8560703e+00
   2.0000000e+00  -4.8267122e-01  -5.6562902e-02   4.5113650e-01   6.3836739e-01   1.7297210e-01  -7.4758627e-01
   2.0000000e+00  -4.7115880e-01   1.3037415e-02  -1.1641568e+00  -4.2012358e-01  -9.2581391e-01   1.3290332e+00
   2.0000000e+00   4.2954042e-01  -2.8241028e-01   2.0274954e-02  -1.3819831e+00  -1.9276557e-01   1.7375340e+00
   2.0000000e+00  -2.5570292e-01  -2.1598391e+00   8.3866439e-01  -8.3204268e-01   2.5639151e-01  -8.3702118e-01
   2.0000000e+00  -1.8096858e+00  -8.7143011e-01  -1.1100588e+00  -1.7756319e-01  -3.2664101e-01  -1.0499409e+00
   2.0000000e+00   3.2508660e-01  -1.0810722e+00   2.7365712e-01   1.5942246e-01  -7.5632131e-02  -9.8798367e-01
   2.0000000e+00   2.0187078e-01   4.9445578e-01   1.7697091e+00  -5.6102821e-02   1.1594110e+00  -1.6084379e-02
   2.0000000e+00  -8.5334932e-02   1.8457083e-01  -4.8087725e-01   2.1878303e-01  -1.5676940e+00  -2.1474414e+00
   2.0000000e+00  -1.2778637e+00  -8.5090293e-01   1.7789396e+00   8.5990701e-02   7.1726895e-01   1.6374478e+00
   1.0000000e+00   1.7637134e-01   1.0304572e+00  -6.0969509e-01  -8.9033390e-01   1.6727443e+00   1.2643193e-01
   2.0000000e+00   2.4434291e-01   1.0751778e+00   7.1366677e-01   1.8169410e-01   6.2234530e-01   1.1604600e+00
   1.0000000e+00  -1.6085256e+00  -9.4234246e-01   2.3464294e-01  -2.7872864e-01  -7.4329968e-01   9.6130989e-01
   2.0000000e+00  -8.8919966e-01   2.5676779e-01   2.8930391e-02   3.4008539e-01  -1.1931210e+00   1.3670921e+00
   1.0000000e+00  -4.0097730e-01  -1.0696590e-02   2.9597541e-02   3.4461681e-01  -4.7519337e-02   1.6664593e-01
   2.0000000e+00  -1.1881787e+00   5.2502463e-02   7.4427125e-01  -3.9951525e-01   4.8606933e-02  -1.5091835e+00
   2.0000000e+00   5.3963123e-01   1.3996228e+00  -2.8531337e-01  -6.5836304e-01   1.9553861e+00  -6.0288923e-02
   2.0000000e+00  -1.1918452e+00  -2.2509105e+00   1.0178060e+00   7.2111852e-01   9.5474631e-01   6.3167438e-01
   2.0000000e+00  -3.4808848e-01  -1.2757123e+00   9.7799707e-01   1.7237183e-01  -1.3343564e+00  -8.1708814e-01
   2.0000000e+00  -3.2951114e-01  -7.7349440e-01   6.3017998e-01   2.0028646e-01  -1.8922586e-01  -1.1646961e+00
   2.0000000e+00   2.1875997e-01   1.0164086e-01   1.1494115e-01   3.8583624e-01   2.1124133e-01   1.5473291e+00
   2.0000000e+00   9.2572410e-01  -7.2729074e-01   2.7541674e-02  -1.4441623e+00   1.2849586e+00  -6.0425006e-01
   2.0000000e+00   6.9235917e-01  -5.9578381e-01   2.4792269e+00   1.2193855e+00  -1.5716645e-02   4.7761461e-01
   1.0000000e+00  -1.6584430e-01  -4.3239761e-01   7.1926691e-01  -5.1077635e-01   1.8423672e+00   4.3045257e-01
   2.0000000e+00   4.0460802e-01   8.2353757e-01  -1.1494450e+00  -1.5108132e+00  -4.5988061e-01  -2.9453515e-01
   2.0000000e+00  -7.3511376e-01   5.3892585e-01   4.4077072e-01   1.3505582e+00  -6.9822440e-01   9.9108847e-01
   2.0000000e+00  -1.8071141e+00   1.1685299e+00   2.1816745e+00   1.0993933e+00   1.6589897e+00  -8.1285306e-02
   2.0000000e+00  -2.3778347e+00  -9.8689361e-01  -6.5177241e-01  -6.9809618e-01   2.3822656e-01  -1.4081963e+00
   2.0000000e+00   1.3417623e-01  -1.1458225e+00  -2.1985173e-01  -1.3954833e+00   4.0163717e-01   1.4536042e+00
   1.0000000e+00   2.7145360e-01   5.3744083e-02  -1.5924240e-01  -1.1696284e+00   2.8761792e-01   2.7050627e-01
   2.0000000e+00  -5.5847102e-01  -7.8323479e-01   1.0626182e+00   2.4053659e-01   3.1807174e-01  -1.2406155e+00
   2.0000000e+00   9.7761601e-01  -2.7731953e-01  -4.4931702e-01  -5.4154832e-01   4.9515614e-03  -1.5596039e+00
   2.0000000e+00   2.9897448e-01  -1.1888633e+00  -5.7430694e-01   6.9476964e-01   9.5249682e-01   8.5119714e-01
   2.0000000e+00  -1.1257162e+00  -1.4839940e+00  -2.7717934e-01  -1.1349685e+00   6.3983512e-01   1.5309652e+00
   2.0000000e+00   4.3490210e-01  -3.9918227e-01   4.0619413e-01  -3.1846352e-01  -3.0037542e-02  -1.2863418e-01
   2.0000000e+00   1.6527220e+00  -5.7280247e-01  -2.1269714e-01  -8.4281032e-01   9.0093327e-01  -2.8320836e-01
   2.0000000e+00  -1.3202249e+00  -1.7857233e+00  -9.9126361e-01  -1.0017972e+00  -6.2863043e-01   2.2441986e-01
   2.0000000e+00   3.8813186e-02  -7.9108169e-01   9.1831132e-01   8.4982786e-01   2.1306259e+00   1.1862740e+00
   1.0000000e+00   2.5567511e-01  -7.5772883e-01   9.6020428e-02  -6.2763956e-02   1.0266799e+00   6.1459183e-01
   1.0000000e+00   3.7523680e-01   1.8338841e+00  -2.3087761e-01   1.1586311e+00  -3.5962307e-01   4.1856137e-01
   2.0000000e+00   1.0893274e-01  -5.0037925e-01  -1.3069964e+00   1.1645440e+00   1.1012915e+00   1.9363929e+00
   2.0000000e+00  -1.7107031e+00   1.0335605e+00   1.5757549e-01  -9.5943842e-02   5.7521292e-01   9.9382277e-01
   2.0000000e+00   9.2181378e-01  -6.9642481e-01   2.0353553e-01  -1.9855803e+00  -1.2974072e+00  -4.8032033e-01
   2.0000000e+00  -1.2312054e-01  -4.5446640e-01  -4.5797215e-01  -3.3334633e-01   1.7370084e-01   1.6262720e+00
   2.0000000e+00   8.7514127e-01  -8.2654524e-01   1.7792562e-01   5.1382635e-01   1.0964894e+00  -8.2351340e-01
   2.0000000e+00   1.9451662e-01  -8.6841334e-01   9.1736571e-02  -6.4981202e-01   1.1227955e+00  -2.2200582e-01
   2.0000000e+00   3.5973882e-01  -8.6710004e-01   9.6212624e-01   1.1991871e+00  -5.0190753e-02  -5.7838600e-01
   2.0000000e+00   3.8980978e-01  -1.0842309e-01  -5.0228708e-01  -9.9885616e-01   3.3530621e-02   1.1783457e+00
   2.0000000e+00   6.2623107e-01  -7.0452710e-02  -1.4496557e-01   6.1045504e-01   1.5424769e+00   1.7670441e+00
   2.0000000e+00   8.8235838e-02  -1.1037195e+00  -7.4870285e-01   3.2220648e-01  -2.3831251e-01   1.4220712e+00
   2.0000000e+00   1.1374444e+00  -6.1654403e-01  -3.6623375e-01  -2.1440080e-01   1.5413854e+00  -3.4192381e-01
   2.0000000e+00  -1.1337177e+00  -3.6890419e-01   7.5434356e-01  -8.7995713e-01   6.9945182e-01  -1.3512004e+00
   1.0000000e+00  -9.2723593e-01   1.6956219e+00  -2.5195647e-01  -1.3662789e+00   1.9497604e+00   6.3542397e-01
   2.0000000e+00   2.5369728e-01   5.3578204e-01  -1.0365544e+00   1.1081501e-01   4.4075426e-01   1.4808941e+00
   2.0000000e+00  -2.0862912e+00  -1.2537373e-01   3.1148007e+00  -8.5889217e-03   8.3755648e-01  -9.7990384e-01
   1.0000000e+00   2.4254956e-01   4.5915220e-01  -2.9075096e-01   8.6829028e-02  -3.5224443e-01   5.0294223e-01
   2.0000000e+00  -1.9762845e-01  -8.8200723e-01   1.7336616e+00   6.4711538e-02  -2.4672013e-01   3.4883206e-01
   2.0000000e+00   9.6909148e-01  -6.9880681e-01  -1.5103338e+00   1.5074605e-01  -5.8063238e-01   1.5519765e+00
   1.0000000e+00   4.0604301e-01   4.9948846e-01  -2.3946793e-01   8.3144238e-01  -1.5409910e+00   3.2317446e-01
   2.0000000e+00   5.5830256e-01  -2.2213379e+00  -1.2366663e+00  -1.7537932e+00  -4.9930747e-01   1.3336822e+00
   2.0000000e+00  -3.8733964e-01   1.4048044e-01   7.8510327e-01   4.2581052e-01  -7.7378973e-01  -9.7966172e-01
   2.0000000e+00  -1.2376231e+00   1.4463131e-01  -1.8611117e+00   5.9351357e-01   4.6296169e-01   1.9585963e-01
   2.0000000e+00  -1.2314749e+00  -1.9879091e-01   1.1388467e+00   2.3466224e+00   2.5108732e+00  -1.8910745e+00
   1.0000000e+00  -7.0840746e-01  -3.4726983e-01   2.3468236e-01   8.3427858e-01   3.9136841e-02   3.2905293e-01
   2.0000000e+00  -3.6439296e-01   1.1893598e+00  -1.6026626e+00  -3.2709553e-01   8.8695902e-01   6.6862498e-01
   2.0000000e+00   1.1665868e+00  -8.3147329e-01  -1.2330171e-01  -2.4826787e-01   2.5939969e+00  -1.9328784e+00
   1.0000000e+00   1.0778717e-01   2.4289998e-01   4.6602347e-01   1.9141502e-01  -2.1455466e+00   3.9216692e-01
   2.0000000e+00  -5.7875022e-01   7.3605293e-01  -1.9807883e+00  -3.1020753e-01  -3.8554326e-01  -1.9807451e+00
   2.0000000e+00  -1.7332775e+00   7.5675245e-01  -1.2463923e+00  -2.0861799e+00   5.1171497e-01   1.1984253e-01
   2.0000000e+00   1.2934681e+00  -1.0992141e+00  -8.6517813e-01   1.2854659e-01   4.9530081e-02  -1.3812297e+00
   2.0000000e+00  -5.8116119e-01   7.7483698e-02   1.8179881e-01  -6.0852143e-01   1.3742749e+00  -9.3277391e-01
   2.0000000e+00  -6.8231526e-01   2.4771430e-01   1.0244421e+00  -6.1033335e-01  -6.7531406e-01   2.8875762e-01
   2.0000000e+00   1.3639930e+00  -2.5075042e-01   1.3701468e+00   8.1554782e-01  -1.7153021e+00  -1.1431572e+00
   2.0000000e+00   5.4236489e-01   1.7001549e+00  -1.5459693e-01   1.2428594e+00   7.7166500e-01  -1.0124255e+00
   2.0000000e+00  -5.0451120e-02  -4.8104273e-01   6.0606323e-01  -1.1801683e-01  -1.6289286e+00   8.9287502e-01
   2.0000000e+00   4.8616375e-01  -6.7918120e-02   2.4036910e+00   5.4891798e-01   1.0617333e+00   1.5875158e+00
   1.0000000e+00  -1.2308986e+00   4.9764192e-01  -4.7930922e-01   6.1185523e-01  -1.2658886e+00   6.0450669e-01
   2.0000000e+00  -6.5724981e-01   1.9008139e+00  -2.9113338e-01  -8.0851088e-01  -7.4679029e-01  -1.2376797e+00
   1.0000000e+00  -9.6283571e-01  -1.5310000e+00   3.3318672e-01   8.3965933e-01   1.2461340e-01   8.4568968e-01
   2.0000000e+00   6.9097197e-01  -1.4304846e+00   1.8472138e+00  -7.6893929e-01  -4.0029988e-01  -6.2913363e-01
   1.0000000e+00  -1.0676184e+00   4.4835278e-01  -9.2456538e-01   1.0113971e+00   4.8515112e-01   1.1452710e-01
   2.0000000e+00  -1.7878436e+00  -5.9716860e-01  -1.1615158e+00  -5.3122042e-01  -7.0000292e-01   5.0150759e-01
   2.0000000e+00   3.6306178e-01   4.9580305e-01  -3.8902640e-01   1.4819770e-01   1.5396813e+00  -5.2268623e-01
   2.0000000e+00  -3.9370828e-01  -5.4054521e-01   1.0167984e+00   4.5580032e-01  -2.5199973e-01  -5.2193373e-01
   1.0000000e+00   2.0817280e-01   4.1117692e-01  -6.3957474e-01  -6.9838624e-02   2.6856952e-01   3.8592820e-01
   2.0000000e+00   1.3672378e+00  -2.1400329e-01  -1.5092374e+00  -1.0724389e+00  -1.1940274e-01  -9.0633014e-01
   2.0000000e+00  -1.8486851e+00  -7.0913299e-01  -1.4432190e+00  -6.4199499e-01   1.4831672e+00   1.1858166e-01
   2.0000000e+00   6.0258879e-01  -9.2421960e-01   4.3425331e-01  -7.6614492e-01   1.2939496e-01  -1.9524884e+00
   2.0000000e+00   1.3755242e+00   1.4512420e+00  -2.0122236e-01   2.2802495e-01   2.0600698e+00  -3.4793945e-01
   2.0000000e+00   7.5322648e-01   7.4027980e-01  -3.5862570e-01   2.3600003e+00   1.5277589e+00  -1.1092078e+00
   1.0000000e+00   3.6886294e-01  -3.3175752e-01   7.1350529e-01   5.8581079e-01  -1.2857237e+00   2.7229886e-01
   2.0000000e+00   2.0943831e+00  -1.5499541e-01  -5.3387822e-01  -1.4913336e+00   7.0411338e-02   7.0413054e-01
   2.0000000e+00  -1.5630218e+00  -1.2809836e+00  -5.2635379e-01   3.7591541e-01  -2.9412740e-02  -2.2430637e-01
   2.0000000e+00  -2.8097887e-01  -5.2376165e-01   2.8444162e-01  -5.0324196e-01  -8.1252147e-01  -2.6405666e-01
   2.0000000e+00  -1.1262219e+00  -1.5611031e+00  -1.1468881e+00   2.8152505e-01   8.0327366e-01   1.0896513e+00
   2.0000000e+00   1.8288613e-01  -1.9961839e-01  -1.1954576e+00  -1.1753693e+00  -1.5983595e-01   1.1419404e+00
   2.0000000e+00   2.5967584e+00   7.2422686e-01   5.2405476e-01   1.0225599e-02  -4.5390366e-01   1.7951320e-01
   1.0000000e+00  -7.8402389e-01  -2.1860039e+00   5.2082767e-01  -1.1527737e-01  -4.2111978e-01   7.8442594e-01
   2.0000000e+00   1.3019938e+00   1.7135763e+00   1.1209283e+00  -6.9509486e-01   5.2613774e-01   6.3672291e-02
   1.0000000e+00   7.8573955e-01   4.0192639e-01  -5.2806482e-01  -3.6496954e-01   5.6110257e-01   2.9467991e-02
   2.0000000e+00  -4.1931749e-01   4.6649300e-01   6.2032786e-01   1.9961218e-01  -4.6669631e-01   1.0163803e+00
   2.0000000e+00   2.8310315e-01  -1.1850841e-01  -2.3900890e-01   1.0400070e+00   1.0185741e+00  -7.3733098e-01
   2.0000000e+00  -2.6240037e-01   2.3328529e+00  -1.3124792e+00   5.0399625e-01   1.7822174e+00   1.1619687e+00
   2.0000000e+00   4.0763119e-01  -5.2251410e-02   1.4703987e+00   5.5287502e-01  -4.0053150e-01  -3.4446809e-02
   2.0000000e+00  -2.1724061e-01   7.7851749e-01  -7.9087745e-01  -1.0868910e+00  -6.7312308e-01  -8.5462374e-01
   2.0000000e+00   2.4403761e-02   1.6008535e+00  -2.6408230e-01  -4.5957970e-01  -6.8240269e-01  -1.2156660e+00
   2.0000000e+00   2.0284412e+00   1.6313649e+00  -4.4878708e-01  -2.0538820e+00   1.4299334e-01   8.4471270e-01
   2.0000000e+00   3.7825685e-01   1.1175939e+00   7.7426692e-01  -2.9830538e+00  -1.4674300e+00   2.0398849e+00
   2.0000000e+00  -4.5938956e-01   1.8215294e+00  -1.9211765e+00   7.5148424e-01   4.1487001e-01  -1.0835456e-01
   2.0000000e+00   2.0061959e+00   5.5856434e-01  -1.4893853e-01  -1.4343436e+00  -1.7723202e+00  -1.7921317e+00
   2.0000000e+00   1.2186974e+00   7.6629096e-01   7.9388840e-01   8.8163999e-01  -2.0331075e+00  -1.0337771e+00
   2.0000000e+00  -1.0684376e+00   2.7360457e-01  -1.3650531e+00  -2.0915423e-02  -6.7017880e-01   6.5817462e-02
   1.0000000e+00  -7.5995976e-01  -5.2220746e-01  -4.7033687e-01  -7.1318719e-01  -1.4891754e+00   6.4406581e-01
   2.0000000e+00  -2.1521982e-01  -1.8276517e+00  -1.2065269e+00   5.7078009e-01  -5.9314912e-01   5.5037413e-01
   1.0000000e+00   7.4820878e-01   5.1379212e-01   1.4244905e-01  -2.0130569e-01  -4.7111053e-01   4.5484113e-02
   2.0000000e+00  -4.6873844e-01   6.5680531e-01   1.0212278e+00  -5.6066335e-02   8.3572445e-01   6.5891297e-01
   2.0000000e+00   2.9198388e-01  -2.4942997e-01  -9.5607036e-01   1.3606812e-03   1.4017121e+00  -2.0621463e+00
   2.0000000e+00  -3.8606420e-01   7.7525078e-01   8.8238812e-01  -3.0143885e+00  -7.0518705e-01   1.0686065e+00
   2.0000000e+00  -1.4153881e-01   5.1292252e-01   8.3591028e-01   1.0196534e+00  -3.2887344e-01   1.4954383e+00
   2.0000000e+00  -1.4721778e+00   2.2600155e-01   1.6821828e+00  -5.4022062e-01  -1.0940393e+00   6.0230651e-01
   2.0000000e+00  -9.5060225e-02  -2.6871946e-01  -4.9783535e-01   3.5327731e-01   6.5988874e-01   9.5773676e-01
   2.0000000e+00   1.4451408e+00   7.4304022e-01   1.6014573e+00  -2.0000598e-01   1.7902914e+00  -3.8891450e-01
   2.0000000e+00   2.7455370e-01   1.6421682e-01  -2.0066988e+00  -1.0543613e-01  -5.8906770e-01   7.8767388e-01
   2.0000000e+00  -1.9907007e+00   3.7963286e-01   1.2470190e+00  -5.7656187e-01  -1.7370071e+00  -2.3453525e-01
   2.0000000e+00  -6.8440900e-02   2.1115709e+00  -1.7006924e+00   3.3877006e-01   2.5576527e-01   6.3387359e-01
   2.0000000e+00   3.1376856e-01   4.7667400e-01   1.4371382e+00  -1.1670032e+00   2.1565218e+00  -1.4308352e+00
   1.0000000e+00  -1.6434716e+00   8.8804554e-01   6.1174060e-01   1.0663455e+00  -1.1154237e+00   3.8883150e-01
   2.0000000e+00  -1.5117740e+00  -1.1573779e+00   1.0948868e+00   6.4972781e-01  -5.5460841e-01  -4.8262959e-01
   1.0000000e+00   7.6501585e-01   2.3637789e-01  -2.3150090e-01  -4.2473147e-01  -3.4189103e-01   2.4845550e-01
   2.0000000e+00   1.2400416e+00  -1.2017722e+00  -7.4785684e-01   1.1511833e+00   6.6680237e-01  -4.1147294e-01
   2.0000000e+00  -2.0783736e+00   6.6039967e-01   1.0473449e+00   9.4133361e-01  -2.8245467e-01   4.4449050e-01
   2.0000000e+00   1.2102983e+00   2.3971920e+00   1.4552801e+00  -3.5007154e-01  -8.7060879e-01   4.8004036e-01
   2.0000000e+00   7.3362814e-01   5.1673717e-01  -7.6477521e-02  -1.0644920e+00   4.5023556e-02   1.4359237e+00
   2.0000000e+00   1.0138994e-01  -2.6661190e-01  -1.2408838e+00   1.0405576e+00   1.0619625e+00  -2.4422704e-01
   2.0000000e+00  -3.5283891e-01   2.6557806e+00   6.3339512e-01   1.3250653e+00   7.0416009e-01   1.1383182e+00
   2.0000000e+00  -6.7928951e-01  -1.2510213e+00  -3.9686169e-01  -2.9599104e-01   3.4463522e-01   1.5463454e+00
   2.0000000e+00  -7.7199249e-01  -2.1128281e-01   1.1094668e+00  -7.4618677e-01  -9.1459678e-01   2.2878333e-01
   1.0000000e+00  -2.2847686e-01   7.0641451e-01   1.3963930e-01   9.6294038e-02   5.0962880e-01   6.8317893e-02
   1.0000000e+00   9.9127283e-01  -1.2699077e+00   4.8105133e-01   9.2014976e-02   6.9862894e-02   5.6230297e-01
   2.0000000e+00  -6.4855358e-01  -2.1000379e+00   1.4401966e+00   1.2235828e-01   2.0880171e+00   1.1318652e+00
   2.0000000e+00  -3.2292406e-02  -1.5464243e+00  -2.2520367e+00   3.0508126e-01  -8.5148107e-01  -3.0734195e+00
   2.0000000e+00  -4.4938994e-01  -1.6495029e+00  -1.5936282e+00   7.8152097e-01   1.4550869e+00  -1.1970467e+00
   2.0000000e+00   9.0149522e-02   7.2295513e-02   3.4849305e-01  -7.1037567e-01   6.9641738e-01  -5.1469480e-01
   2.0000000e+00   6.3887573e-01  -1.6713293e-01  -1.6501241e+00   1.8722473e-01  -4.6380398e-02  -9.2829886e-02
   2.0000000e+00   7.2501284e-02   5.2533404e-02   1.1311238e-01  -1.0537327e+00   6.4033000e-01  -5.8307905e-01
   1.0000000e+00   2.4187242e-01   1.7395613e+00   3.5615920e-01   2.3486280e+00   1.8696259e-01   7.8512623e-01
   2.0000000e+00  -2.6903664e-01  -6.0190617e-01  -7.4085340e-01   7.4174334e-01   4.5788153e-01   1.7993420e+00
   2.0000000e+00  -4.1731885e-01   5.2156982e-01  -7.3220172e-01  -7.5105485e-01   9.7989840e-01  -2.4202165e+00
   2.0000000e+00   6.0524232e-01   9.5262638e-01   6.1813753e-01   2.4822128e-01  -5.0356034e-01  -3.1262723e-01
   2.0000000e+00  -7.8649984e-01  -8.6895179e-02   1.4710816e+00   5.6400227e-01   5.9284708e-01  -2.3187886e-01
   2.0000000e+00   8.2173849e-01   9.1301975e-01  -7.1515099e-01   9.4426198e-01   1.2019067e+00  -5.4571132e-01
   2.0000000e+00  -2.1199759e+00   8.8091248e-01  -5.3778382e-01   4.7053077e-01  -1.0091927e+00   8.9837560e-01
   2.0000000e+00  -3.9632030e-01  -1.9962635e+00  -1.0601475e+00  -2.5025154e-01   5.5851438e-02   7.1015867e-01
   2.0000000e+00   5.6134784e-01   5.8064475e-01   1.2855502e+00  -2.9296224e-01  -9.4047704e-01  -2.2951427e-01
   2.0000000e+00  -3.3658421e-01  -6.5836834e-01  -9.9966800e-01   5.9719538e-01  -9.6493524e-01  -1.4948527e+00
   2.0000000e+00  -9.6882118e-01  -3.8847344e-01   8.3605852e-01   8.3384809e-01   7.4554199e-01  -4.1327857e-01
   2.0000000e+00  -8.3236870e-01  -3.0694511e-01  -1.3137613e-01  -4.7252047e-01  -5.0007016e-01  -8.8983906e-01
   2.0000000e+00   1.6032334e-01  -1.6219180e+00   1.1118842e+00  -1.5800225e+00   4.5840145e-03  -4.1247048e-01
   1.0000000e+00  -1.4284328e+00   7.6375521e-01   5.9000505e-01  -2.9236210e-01   1.3261732e+00   3.0610701e-01
   2.0000000e+00  -6.0455177e-01   1.0622699e+00  -5.1858970e-01   1.3313951e+00   1.3948894e+00   9.1272949e-01
   2.0000000e+00  -7.7392844e-01  -3.6436743e-01  -1.6101414e+00  -7.6237158e-01   5.1686424e-01   7.0966086e-01
   2.0000000e+00   9.3298403e-01   1.0802411e-01  -1.9832210e+00   1.1149017e+00  -1.7038021e+00   5.4518248e-01
   2.0000000e+00  -7.9271710e-01   7.0751078e-01   4.5811031e-01  -7.4802142e-01  -1.9515747e+00  -1.1152135e+00
   2.0000000e+00   8.6119532e-01   5.0256760e-02   3.4349666e-01  -7.4868539e-01  -2.9113125e-02  -1.6082910e+00
   2.0000000e+00   1.2630063e+00  -5.1918054e-03   8.4831939e-01  -4.1323796e-01  -9.9570385e-01   7.6918487e-01
   2.0000000e+00   7.9077931e-01  -1.5612202e+00  -7.2082564e-01  -9.9693198e-02  -1.2291711e+00  -5.1327161e-01
   2.0000000e+00   1.3332588e-01  -7.1519853e-01  -6.3667707e-01   2.4055945e-01  -1.0149924e+00  -1.0587696e+00
   2.0000000e+00   5.4064872e-01   1.4651745e+00   1.0783038e+00  -4.5319553e-01   1.1489199e+00  -1.4961849e+00
   2.0000000e+00   1.2995958e+00  -5.1243021e-01  -1.5671980e+00   4.0320429e-01  -1.0589965e+00  -2.5378053e-01
   2.0000000e+00  -1.6456387e+00  -2.3758281e+00  -1.1128507e+00   1.9340414e+00   1.6361133e+00   6.9349032e-01
   1.0000000e+00   1.6325323e+00  -6.3069808e-01   9.4476558e-01  -4.3319392e-01   1.8556219e-01   1.8287829e-01
   2.0000000e+00   6.6843377e-01  -1.4480615e+00  -1.7940294e+00   1.9853080e-02   1.1361121e+00  -1.8858386e+00
   2.0000000e+00  -1.6185624e+00   1.9626619e-01   1.1677673e+00  -7.6001786e-01  -5.2938499e-01   1.0026768e+00
   1.0000000e+00  -8.9573544e-01   1.3371252e+00   1.4824574e-01  -4.9426776e-02   7.2693539e-01   5.9518402e-01
   1.0000000e+00   1.0024988e+00   2.5529974e-01   6.7954177e-01   9.3307656e-01  -6.8675540e-03   2.5815473e-01
   2.0000000e+00   1.9561420e-01  -8.5167781e-02  -2.0357851e+00  -9.7624239e-01  -2.9902053e-01   1.9895468e-01
   2.0000000e+00  -2.0332494e+00   5.8714225e-01   8.8318220e-01   4.5786640e-02  -1.1787208e+00   2.1413732e-01
   2.0000000e+00  -1.4325735e+00  -1.8297591e-02  -1.5684330e+00   2.5201546e-01   3.9698833e-01   6.6170388e-01
   2.0000000e+00   2.1051422e-01   1.3777545e-01  -7.7545986e-01  -8.5638087e-01   4.3695415e-01   2.1015804e+00
   2.0000000e+00  -1.1236975e-01  -6.3529782e-01   3.1529533e-01   1.1543139e-01   9.1510977e-01  -5.0379930e-01
   2.0000000e+00   6.4107252e-01  -1.0661423e+00  -1.2673286e+00   9.0216925e-02   4.1991218e-02   1.2909041e+00
   2.0000000e+00   9.4967355e-01  -1.7723656e+00  -1.5458775e-01   3.3093624e-01  -1.5043886e-01  -6.4516277e-01
   2.0000000e+00  -1.0128094e+00  -2.5021704e-01  -2.8840068e+00  -6.1548883e-01   3.1078580e-01  -1.6360177e+00
   2.0000000e+00  -2.0457718e+00   1.0370511e+00  -5.2478138e-01  -4.2242411e-01  -1.6448091e-02   1.2758271e+00
   2.0000000e+00  -2.1637590e+00  -8.5962244e-01  -2.3521942e-01  -1.2958749e-01  -1.3193058e+00  -2.3488248e-01
   2.0000000e+00  -1.1461261e+00   2.8854873e-01  -8.5430441e-01   6.8144451e-01  -3.8584495e-01  -2.0159517e+00
   2.0000000e+00  -1.0052734e+00  -1.5627279e+00  -9.2578778e-01  -8.6116305e-01  -3.2561652e-01   6.3010288e-01
   2.0000000e+00  -7.5352236e-01  -8.2529909e-01   8.8694094e-01  -6.5772863e-01  -3.2490813e-01  -1.0678138e-01
   2.0000000e+00  -8.3223685e-01   1.8305782e+00  -2.1606019e+00  -5.7665115e-01  -1.2925197e+00  -1.2631910e+00
   2.0000000e+00   2.3362524e-01   4.2555383e-01  -1.6887788e+00   5.6374628e-01  -8.1415167e-01   4.4824438e-01
   2.0000000e+00  -4.3927867e-01   1.4022194e+00   7.9395532e-01   3.5776746e-01   3.4025640e-01  -1.2299492e+00
   2.0000000e+00   9.8601552e-01  -5.4558984e-01  -1.2119902e+00  -1.7140167e+00  -1.1336400e+00   5.5296210e-01
   2.0000000e+00   4.3475331e-01   3.0134841e+00   1.0315038e+00   6.6248635e-01  -4.4032081e-01   4.7473445e-01
   2.0000000e+00  -1.9761855e-01  -8.1571553e-01   2.1675919e+00   1.7721236e+00   2.2724215e+00  -7.7105858e-02
   1.0000000e+00  -9.6529485e-01   7.0608714e-01  -1.1215010e-01  -2.7235046e+00  -1.2850334e-01   3.1941777e-01
   2.0000000e+00   1.4309623e+00  -7.1845004e-02   1.2820311e+00  -1.4935003e+00  -3.2500749e-01  -1.3405953e+00
   2.0000000e+00  -9.4821612e-01   1.0087987e+00   2.8911692e-01   9.8872737e-01  -9.6280515e-01  -4.0712297e-01
   2.0000000e+00   8.8982101e-01   1.6921779e+00   2.3270502e-01  -3.3010651e-01   4.4379957e-01   1.2337860e+00
   2.0000000e+00  -8.4896121e-01   5.2869755e-01  -2.0361990e+00   3.6299351e-01   6.2417561e-01   1.0179814e+00
   2.0000000e+00   1.9012611e+00   6.5404805e-01   6.2662358e-01  -4.5716864e-01  -6.0610862e-01  -1.5474949e+00
   2.0000000e+00   4.4228932e-01   3.8869462e-01   1.4380741e-02   6.9234140e-01   1.0508529e+00  -2.1430426e-01
   2.0000000e+00   2.1168181e-01  -5.2140536e-01  -5.5639935e-01   1.1383013e+00  -2.2540180e+00  -3.4270601e-01
   1.0000000e+00   1.4057455e+00  -6.7284243e-02  -2.4255047e-01   5.8804917e-01  -1.0268385e+00   5.1331363e-01
   1.0000000e+00  -5.6069342e-01   1.4403558e+00  -3.1364159e-01   7.6189051e-01  -1.3575585e+00   1.1816054e-02
   2.0000000e+00   1.4816658e+00   5.5641461e-01   1.6997755e-01  -4.1073775e-01   1.1120180e-01  -1.0464645e-01
   2.0000000e+00  -1.2953880e+00  -2.0147763e+00   1.2744627e+00  -1.1604796e+00  -2.3578044e-01  -1.4106711e-01
   2.0000000e+00   1.0003671e+00  -1.4324526e+00   2.3941729e-01  -9.6273704e-01   1.0210505e+00   2.1019075e+00
   2.0000000e+00   3.6394152e-01  -3.8373097e-01  -6.1408466e-01  -7.3039253e-01   7.1421549e-01  -1.1883854e-01
   2.0000000e+00   8.0503660e-01  -4.8230906e-01   1.2953731e-01   5.0399796e-01   1.4049864e+00   1.2840662e+00
   2.0000000e+00  -7.5353625e-01   4.0081939e-01   4.8640120e-01   1.4357943e+00   4.7003295e-01  -2.2682969e+00
   2.0000000e+00   1.8963279e+00   1.3719653e-02   1.6565016e+00   2.2335434e-01   9.9416178e-02  -3.5646140e-01
   2.0000000e+00   8.1678115e-01   1.6000389e+00  -2.8220615e-01  -6.2707849e-01  -9.5972973e-02  -5.4970278e-01
   2.0000000e+00  -8.6748104e-01  -1.1880327e+00   9.6396137e-01  -4.3713499e-01   1.9848855e+00  -2.6488769e+00
   2.0000000e+00   1.6482859e+00  -1.3306255e+00  -5.2252853e-01   1.3617383e-01  -1.1439013e+00   2.8695294e+00
   2.0000000e+00   6.5709624e-01  -1.2725133e-01   1.5125149e+00   1.7222957e-01  -1.0252456e+00   9.7623147e-01
   2.0000000e+00  -5.4108615e-01  -1.0742155e+00  -1.1538799e+00   1.0642513e+00  -2.4869609e+00   7.6530073e-01
   2.0000000e+00   3.0428032e-02   4.2143201e-01  -1.2402362e+00   1.1991072e+00   2.1798005e-01   2.9036569e-01
   2.0000000e+00   9.5531112e-01  -6.4812515e-01   3.9911788e-01  -1.3881053e-01  -1.7143298e+00  -1.0630632e+00
   2.0000000e+00  -1.1679359e+00   1.4447138e+00   5.4783569e-02  -1.6492343e+00  -1.5773604e-01  -3.9120075e-01
   2.0000000e+00  -8.1096275e-01  -1.1200701e+00  -4.6068654e-01   9.3658176e-01  -1.4451287e-01   9.6298997e-01
   1.0000000e+00  -4.3728328e-01  -1.6188083e-01  -2.6675052e-01  -5.6826771e-01  -1.6588643e+00   4.4473429e-02
   2.0000000e+00  -3.1775324e-01  -5.5788377e-01   4.3728498e-01  -1.2044230e+00   1.0066268e+00  -3.0160575e-01
   2.0000000e+00   1.1698857e+00   7.4310733e-01   1.0601930e+00   2.4880465e-01  -2.1226243e-01  -1.0982334e+00
   2.0000000e+00  -2.8271406e-01  -1.2151168e+00  -1.0657954e+00   2.4072129e-01  -7.1005308e-01   1.5072415e+00
   2.0000000e+00   2.0785615e+00   6.7665515e-01   1.2358008e-01  -6.6741239e-01  -1.0055795e+00  -1.5184796e+00
   2.0000000e+00   5.1174117e-01   8.6430162e-01   5.9257706e-01   8.2432754e-01   4.6036893e-01   2.2078164e+00
   2.0000000e+00   9.7868555e-01  -6.2698711e-01  -8.1629852e-01  -1.0715605e+00   5.5841539e-01  -2.1456217e-01
   2.0000000e+00   2.3906420e-01   7.4745074e-01  -5.7127173e-01  -1.6052293e-01   1.8911238e-01  -7.8893903e-01
   2.0000000e+00   9.3210059e-01  -2.0759054e-01   5.0303697e-01   1.7939561e-01  -7.3343369e-02   1.4566720e+00
   2.0000000e+00   5.0115694e-01   1.0174243e+00   1.1239885e+00   3.7166829e-01   7.3596797e-01   1.0595491e-01
   2.0000000e+00   5.1506159e-01  -7.7395062e-03   1.4167187e+00   1.3897500e+00   2.1570485e+00  -8.2301577e-02
   1.0000000e+00  -3.1369750e-01  -5.5367063e-01  -3.1455855e-01   6.4210995e-01   1.3455987e-01   1.1606809e-01
   2.0000000e+00   5.8599535e-01   2.1559522e+00  -3.1138999e-01   7.5041749e-01   1.9134851e+00  -1.5844271e-01
   2.0000000e+00   1.1899952e-01  -1.3351148e+00  -8.9909073e-01   1.1726198e+00   7.4585411e-01  -3.2157441e-01
   2.0000000e+00   1.2731385e+00   1.2969784e-02  -1.2947833e+00   1.6423657e-02  -4.4973584e-03   1.4282889e+00
   2.0000000e+00  -8.6705557e-01   9.9395635e-01  -7.0431705e-01  -6.6153825e-01  -1.3832399e+00   7.4915221e-01
   2.0000000e+00  -9.3080922e-01  -4.0340142e-01   1.3731667e+00  -8.7701619e-01  -4.1216050e-01  -1.2436890e+00
   2.0000000e+00   9.0458657e-01  -7.3181569e-01  -8.7119293e-01   1.2291310e+00  -1.1004888e+00  -1.1145006e+00
   2.0000000e+00  -1.1120811e+00  -8.7644696e-01  -1.0746158e+00   4.2786047e-01  -1.1723475e+00  -9.3880027e-01
   2.0000000e+00   6.7826603e-01   7.4004839e-01  -1.1126436e-02  -5.3125236e-01   2.1709850e+00   1.3863539e+00
   1.0000000e+00   9.1556727e-01  -9.5967022e-01   6.4894748e-01  -1.9376871e+00  -9.2471518e-01   4.0725850e-01
   2.0000000e+00   1.9652310e+00   7.0312048e-01  -2.9701812e-01   6.1720317e-01  -7.8933461e-01   1.3112579e+00
   2.0000000e+00  -6.3078058e-01  -3.9271914e-01   2.1442605e-01  -7.4628638e-01   5.0272299e-01  -1.1484713e+00
   1.0000000e+00  -4.9332120e-01   5.3943692e-01   2.0980641e-01   1.0134970e+00   5.4525001e-01   4.5211486e-01
   2.0000000e+00  -1.0729662e+00  -9.7515136e-01   1.2763919e+00  -7.1003056e-01  -5.5315111e-01   3.3787509e-01
   2.0000000e+00   6.3014378e-01   4.6737655e-01  -1.2689337e+00  -5.4256629e-01   2.2094111e-01  -1.3654668e-01
   2.0000000e+00   1.7417576e+00   1.2915783e+00   2.3503067e-01   5.7966188e-01  -6.7244476e-01  -3.5610606e+00
   1.0000000e+00  -1.0693483e+00   5.9636688e-01  -9.2042286e-01  -2.9330386e+00  -9.6364109e-01   3.4135601e-01
   2.0000000e+00   9.0648844e-01  -4.5883364e-01   1.8141496e+00   6.0321539e-01   4.1358007e-01   6.0375419e-01
   2.0000000e+00   3.1224748e-01  -2.2593302e-01   2.8255713e+00  -2.3179092e-01   5.2726745e-01  -3.4289944e-01
   2.0000000e+00   3.3769371e-01  -4.0055600e-01   8.3627781e-02   9.6932830e-01   5.4016737e-01  -1.4454228e+00
   2.0000000e+00   2.1216916e+00   1.6095087e+00  -8.2064638e-01  -6.0424404e-01   1.3566360e+00   1.6046996e-01
   2.0000000e+00  -1.2231723e+00   5.8746862e-01  -1.5314090e-02  -1.7969549e+00  -6.4608988e-01  -6.1001852e-01
   1.0000000e+00  -1.3772367e+00  -1.7901781e-01   6.7188598e-01  -6.7234257e-01   5.9873999e-01   4.4949090e-01
   2.0000000e+00   8.5993792e-01  -2.8835373e-01   9.9366594e-01  -1.2062032e+00  -2.8192385e-01  -6.7059190e-01
   1.0000000e+00   2.3381270e-01  -1.6942401e+00   8.1001618e-01  -1.7105436e+00  -8.5054483e-01   1.5287298e-01
   2.0000000e+00   1.1101145e+00  -9.0323028e-01   1.3674551e-01  -6.4775377e-01  -4.6962173e-01  -9.6967944e-01
   2.0000000e+00  -5.8662054e-01   3.6349323e-01   5.7076412e-01  -2.2454088e+00  -1.5871052e+00   1.5417724e+00
   2.0000000e+00  -2.8066776e-01   1.5937063e+00   6.7108706e-01   9.1889329e-01  -4.1993527e-02   1.7071276e+00
   2.0000000e+00  -2.2688715e-01   7.8399709e-01  -6.6360382e-01  -1.9164961e-01   6.4905399e-01   1.5413202e+00
   2.0000000e+00   4.6461188e-01  -8.1698021e-01   1.5154978e+00   4.8545315e-01   1.1021583e+00  -1.8917028e-01
   1.0000000e+00  -1.7327813e+00   1.1772548e+00   3.5804970e-01  -1.4458268e+00  -8.6734326e-01   5.5734164e-01
   2.0000000e+00  -1.7236613e+00  -2.4936203e-01  -3.3947263e-01  -6.5313932e-02  -1.5250432e+00  -2.2747609e-01
   2.0000000e+00   2.8851369e-01  -1.5333509e+00   7.5850690e-01  -4.2828564e-01   1.2261860e+00  -3.6387113e-01
   1.0000000e+00   2.8443102e-01   1.2782520e-01   4.0200106e-01  -1.6947956e+00  -1.0477578e+00   2.7781313e-01
